2187
2112
500
2350
880
2365
2769
2436
1217
743
586
1268
2456
2390
2883
941
793
556
1405
1205
2888
27
2227
362
1469
48
1639
2347
1269
518
1505
522
2913
796
124
459
1813
2075
1939
346
1072
2948
2197
1487
1197
1380
2129
702
1252
2889
2814
1065
1122
2656
1256
762
178
100
1060
1439
2007
39
133
1561
2380
1634
2362
26
1954
1239
445
427
2007
926
239
2237
481
2901
998
1363
841
2974
1811
1449
113
301
1850
2022
1699
683
868
384
256
2560
2284
505
1667
311
2380
1351
483
2999
1666
2814
254
475
1834
2583
890
1813
1518
2158
2064
1493
2390
1237
2688
497
1292
1167
1336
2744
1016
1137
1947
1235
2517
2181
1558
1034
1487
1475
173
1842
1339
603
1927
302
192
1114
1747
1577
1075
837
2500
733
822
185
2068
148
2772
2494
1713
1921
1762
2980
2575
2845
828
2385
2803
595
2586
875
748
17
866
2093
2188
277
2630
1573
1742
582
1500
759
1756
101
942
1530
1756
1378
1773
1075
2448
867
228
50
1237
466
1006
2313
1893
2231
2632
1511
1653
40
783
1482
1159
1948
1027
2094
239
1258
374
447
2021
1547
2602
1310
517
597
2111
1023
1324
786
1704
722
2895
2962
195
774
1659
2020
1192
1607
1034
2440
2657
2471
1022
1993
1656
904
711
230
2328
2055
2532
1939
1892
170
856
2674
2669
1429
1183
2651
987
490
1033
1838
2785
741
2011
2588
2344
1787
1009
1450
684
550
143
383
1181
2375
2107
2464
1686
1480
918
639
1538
2036
1281
251
2528
2588
670
2700
428
1624
170
2264
2669
2732
2705
2307
2291
2919
1869
2084
360
103
387
1171
2890
778
829
882
2007
2107
2336
1027
2890
641
2289
1524
1341
2321
1088
636
2921
2350
1909
820
133
1280
804
428
703
2018
2779
106
1327
1181
71
670
2593
2158
2560
1762
475
799
1892
369
727
1736
2283
1309
2896
1473
2434
1143
2305
121
228
1958
2649
978
755
2780
1682
2362
1773
2350
1227
1491
820
1152
1738
92
2196
2828
946
57
2600
997
2596
158
1445
1099
2242
1730
2466
493
648
2311
243
381
780
2263
1283
1054
1371
1008
395
2035
185
1785
983
2864
1243
1694
1213
381
2430
1939
671
2423
2032
2044
2209
2448
1561
294
2162
1091
293
987
32
924
603
1087
1253
1307
127
1438
1967
1599
1138
741
38
59
2864
65
238
1368
2373
404
2679
1335
2339
1549
2587
291
1220
350
1979
2602
1382
1287
2304
1919
2239
989
2382
368
1788
572
1863
2634
1864
2718
303
126
27
1095
2147
2778
2986
2075
457
1675
999
2320
172
1253
2975
947
873
425
2976
302
799
1838
2527
1432
770
105
2564
734
768
2498
1058
1094
749
481
449
1198
1543
963
2821
2001
1687
1722
2940
430
1674
2214
1048
2906
1398
1492
1096
1145
227
1504
2602
2876
2038
2656
2467
1460
2020
2681
2091
1711
1339
1074
1542
21
155
1291
2031
311
1475
2760
1691
2641
2052
519
218
2030
2227
2966
829
2662
657
799
384
667
2360
994
2636
1957
2576
91
702
1144
2990
1743
154
2061
814
885
1591
630
2075
1918
2568
300
2624
1939
1213
2430
1448
439
405
1853
2431
2737
1125
2915
2443
44
1237
2143
600
1378
289
2581
501
2370
2155
1844
1938
2807
2337
1532
2891
2996
2848
51
2403
990
4
69
1250
1895
2401
2043
2238
2263
800
171
1542
2399
290
302
1766
2116
2807
1686
587
308
444
1133
835
291
2930
1324
339
84
181
1865
1954
2749
344
2328
2334
497
1787
35
1479
700
2783
2296
2722
2736
2771
2862
1083
2684
1552
1462
2305
607
2232
2655
1946
167
2686
2110
2286
323
2919
1826
755
1119
2535
1310
705
389
2111
2718
2349
971
1924
2130
1926
643
2612
1026
2806
1261
2214
1789
1168
987
2278
520
2430
2037
1049
2250
21
740
1906
2954
2260
1627
2062
2811
373
933
2561
2549
2901
2344
1494
2317
465
131
234
882
2680
68
267
1809
1938
2500
12
770
2084
1721
2629
1007
2479
2229
2179
89
638
1545
887
2857
354
1101
2844
1974
104
2361
907
1862
732
2686
2628
1881
2351
2525
170
1665
299
900
2915
1078
346
896
93
2341
2351
15
554
2125
2962
803
2482
969
376
1920
2277
2047
2087
1774
400
2196
2148
2208
1209
2707
1298
2992
1562
2717
2423
757
501
1193
230
1200
2531
1135
458
2236
333
248
1765
2468
1204
2378
2640
25
291
337
1318
2462
1565
401
2781
887
1372
396
2846
28
146
1867
2405
1979
1446
85
1699
2893
2159
294
2387
2641
593
1289
1575
781
1653
2793
430
362
1654
1724
113
291
1285
979
2660
1708
534
1633
733
2212
2002
99
1582
2065
700
1287
544
1669
2467
2953
1931
932
1039
1589
1088
1399
5
604
2601
2545
282
477
321
512
58
515
2615
2684
123
1307
1005
2186
1325
983
1562
2800
907
1499
1269
2876
214
230
1393
85
2342
2132
2698
813
2466
1747
288
2427
2099
916
2974
547
1370
2020
2689
172
1816
1703
1663
2439
244
1319
753
1339
104
1331
1791
621
1461
2020
550
2341
891
2162
1659
1345
2887
832
761
2932
603
363
1543
2035
2305
2630
1011
2238
2988
1395
2817
174
597
1329
2956
1001
2409
1472
967
2445
2941
270
53
1033
2782
2838
107
2630
2184
2035
2907
2781
631
2614
1516
476
2227
394
2012
1526
895
1783
2864
371
419
2741
2022
2223
208
2389
2883
738
2108
1303
1954
370
1656
2640
1238
367
1331
1026
2872
2705
1120
1633
252
2960
518
6
2346
683
2116
1951
2819
853
1602
2808
869
2153
2116
1283
2428
2685
1588
1369
2613
1963
443
1161
324
107
1022
222
2454
1340
1483
1517
1788
869
731
886
1159
155
1868
1904
1957
1747
722
743
1397
1468
2542
126
515
1341
482
657
762
2751
47
1417
2580
1616
1437
1386
2806
2679
1681
950
1339
2986
1326
992
1947
532
1385
165
918
914
107
1855
1729
550
783
1853
794
2875
1070
1910
1622
1400
2419
1052
693
2741
1116
2266
1639
2352
770
860
1100
1828
2038
1615
1676
1570
570
2900
2279
492
1880
2546
296
2693
792
754
160
1129
2505
1715
2631
1312
2051
85
556
899
373
791
534
2506
2778
2024
1633
2680
2712
2566
2884
2567
2656
725
454
2038
2125
2921
93
1473
1628
2682
774
2106
700
2781
2707
283
1290
1863
2157
2171
2727
1804
1585
707
1870
2180
1319
1895
1659
2052
2577
2833
2238
2605
326
24
2267
1716
386
2594
1737
2207
2307
230
1810
2066
2146
2938
1156
2602
2277
163
1076
1234
1954
2186
142
74
108
1416
871
1914
265
260
1146
1326
190
1440
2139
587
1188
1759
2026
2287
492
1713
1248
2287
539
1301
2563
2844
1297
2074
905
1287
94
2197
827
421
2211
660
1014
1214
1196
1862
577
2676
986
2401
1680
1797
611
2707
2319
613
1698
2576
157
2603
1225
1496
1502
248
633
2940
816
1722
592
991
809
1844
1242
1408
1637
2665
1264
546
270
186
2227
1564
2280
2168
516
1210
701
760
1775
836
142
1076
208
2377
2479
1245
1534
766
377
1632
1097
1762
2328
2781
2395
92
2428
1559
2180
2145
2383
2800
2614
1492
811
819
1121
1292
1538
2814
2297
641
2514
1171
881
76
2866
1846
2095
1953
1109
1375
1928
1638
2135
1104
1416
2277
1563
1414
448
2710
364
1291
296
1845
2661
2507
2958
472
1618
2799
479
514
842
629
2291
1035
62
71
4
706
1301
2371
1453
466
2185
759
2451
1862
2102
2164
2562
2564
1051
2114
1573
2144
172
2390
2718
233
2479
2202
2794
1080
2708
2294
1610
2899
2328
87
1929
1525
1773
2104
560
2946
1301
1961
637
2809
934
925
169
2753
2882
1635
654
2199
1837
2634
2465
1155
284
1529
2237
1439
868
936
79
228
740
2609
1586
531
2890
482
1062
1211
352
2706
2545
1200
922
362
2283
1125
2896
1616
1588
2659
2192
2705
1173
1633
133
438
2949
1420
1392
1772
89
1095
195
580
2482
838
1268
130
207
2752
1120
1568
2466
2619
440
1928
2073
2475
44
566
2224
2793
1343
544
1121
2318
1938
673
1069
2331
284
2156
1182
2825
1291
1528
1788
713
2184
1953
2332
702
645
124
702
223
2724
2161
2959
2267
2469
118
517
2108
81
1395
2345
2633
412
1499
1092
2753
1074
772
1823
62
1463
2893
967
2190
1678
1295
2264
1495
2203
373
2152
2934
1426
796
2298
2290
816
1374
1884
1898
1661
2383
1226
1006
189
1262
711
1686
2288
1206
2992
2290
2661
864
1262
485
1916
632
2500
1239
2222
2528
2846
2209
2192
253
2659
380
384
2995
909
2398
589
2495
338
2722
1536
2215
2587
1001
2223
1218
1856
1797
805
2934
2591
1773
2019
679
1963
175
1630
2809
2962
1051
2843
752
1252
256
508
1843
1375
2320
519
1943
2330
1152
2471
1593
716
2540
658
1855
1908
2436
331
853
2168
2873
1206
195
268
2913
376
765
191
2283
2049
1536
2554
779
2262
1644
1838
1039
1540
2768
871
686
612
146
1381
920
2654
1610
1156
1469
1141
1963
1308
2272
1096
1961
783
686
1148
64
2713
1073
1885
2165
822
932
1498
809
2633
1062
2970
1063
2814
2853
1183
2635
2870
2819
915
15
2705
1039
2963
1317
2536
1796
1911
2160
2862
1107
1195
1849
580
54
1076
2672
2375
2792
2618
496
1974
475
30
1282
598
1848
74
2190
343
893
841
2383
198
342
1462
2735
521
2970
2136
2289
2337
177
978
1264
1593
904
2521
1668
2133
1623
2283
2392
1310
289
383
2177
2043
2313
242
1623
573
592
2442
367
1584
1107
1346
2920
763
622
1502
322
1281
48
772
1450
1182
1235
1746
1284
2587
1931
137
2174
2661
416
1816
441
1040
529
2584
1071
2773
2993
2592
708
1032
2744
1495
656
2157
1047
2540
476
305
2432
1890
2429
1535
573
82
587
2868
457
171
406
1814
690
2580
2311
1459
2374
1130
2043
404
523
10
876
2019
1290
113
2874
1188
2190
1626
1349
623
2612
2533
184
2467
2410
2062
198
2331
2956
327
860
2409
1223
2984
2120
637
2584
238
164
1532
2362
1011
310
1633
157
1585
585
1447
287
673
776
2128
2860
152
1006
2172
1341
2871
2278
1361
2812
397
1455
1787
2664
2887
505
616
1996
2271
1359
2832
252
2751
386
1411
2088
1602
4
1051
2286
2354
662
292
2888
2235
1509
837
2068
1556
1473
1527
864
966
2948
607
1633
883
2708
415
342
1668
2322
1431
2495
915
818
255
2728
7
2476
202
716
808
738
2414
2176
1946
1018
39
659
891
1083
445
2443
639
1979
30
2663
1242
2975
280
893
268
2084
1636
1118
2627
1800
1341
2103
2924
552
412
2675
179
2002
1112
2396
1772
313
1268
2057
1653
429
817
1537
807
2317
111
2274
1605
1548
835
1911
1978
1070
2707
146
2838
1973
1450
1573
324
971
570
745
575
2139
332
488
2557
1644
239
993
40
494
1566
2403
13
1983
2776
417
7
649
1001
2382
799
1232
61
1213
1618
756
191
1185
1951
892
1808
2500
1143
903
598
2522
2447
2190
2879
1793
1148
2054
2894
1671
1739
339
503
1826
491
1128
1412
1792
1032
2630
110
155
1742
449
84
2819
1653
2192
2140
2444
2344
1589
2912
1866
2018
698
1890
1055
1401
620
82
1655
475
2457
2396
1812
2290
1720
2853
522
910
1654
1729
1966
362
2595
2188
2241
1426
1281
2038
2674
2226
2635
472
364
2240
2538
708
2398
1264
1007
1694
551
2905
850
1249
1212
293
2749
945
2492
50
594
689
823
1757
2275
288
2806
2618
2236
2060
660
2955
535
2663
2759
2159
2117
2216
598
282
670
1716
891
1622
2455
608
227
2034
577
1071
1074
2194
2993
992
363
2542
2391
1086
2502
1137
2332
1368
1528
857
161
268
2877
629
2384
2168
2101
2155
2009
309
652
1743
491
534
96
941
1202
1357
1486
561
43
2423
478
2769
1019
1813
647
399
1477
415
24
793
54
309
183
2682
145
389
2211
1154
149
2121
866
1273
1151
213
1000
2491
1956
2116
2741
1846
611
1306
2856
2240
2517
17
192
849
2295
2620
2554
343
1333
2936
2986
1307
2932
2225
721
1225
249
2348
1867
2325
1891
2757
357
2398
1147
2169
1413
2317
1990
1998
2329
383
2735
1688
430
76
905
379
1227
235
1394
1175
994
1924
1163
2901
631
1252
178
2518
47
1377
1270
2680
1660
2224
2835
683
417
468
2512
961
2594
1791
545
2618
696
38
1876
696
2489
478
1457
2098
1271
1122
619
1148
1609
2694
2343
1082
224
833
1449
378
2377
1009
2235
2066
1035
913
1403
2649
2119
2603
335
876
627
1912
2869
628
2462
1586
1471
2126
17
2843
733
548
496
1204
701
1491
1917
2349
1117
2010
302
2931
2643
238
2436
109
439
2712
678
577
2346
1178
1527
2130
2129
975
2157
2705
437
143
2485
1409
1262
2293
1687
2235
1899
1898
2716
1830
981
220
2224
526
2734
693
1622
1448
19
409
860
1495
1707
2322
614
623
832
1885
342
1123
448
488
2906
732
1399
2305
342
216
1420
1617
649
2319
2415
1214
1447
2165
1076
2176
2902
2196
200
387
2313
2966
2378
2747
738
1483
2583
2158
1857
157
1185
723
1952
160
2478
2237
2745
127
1143
2810
1135
2157
1848
1060
1001
1914
2169
2958
2022
1954
500
2253
1740
2395
1366
2065
2376
451
1914
1683
2976
114
2856
1642
1113
1496
1756
1551
2048
2510
2672
637
2863
2222
1199
1285
907
1884
2342
2070
1122
4
1314
1166
1778
2653
2704
2207
2368
2537
2897
1983
1980
1532
2962
1988
1738
2471
265
2787
1043
1997
2267
1786
2551
2493
623
104
2264
437
2251
2430
1463
1382
2564
2507
2951
1410
402
2280
557
1490
2146
383
1188
2993
2528
201
2502
1401
2610
1685
2106
558
2433
199
457
745
492
556
1308
819
943
619
716
1812
1223
87
1033
266
450
2484
2381
1725
1616
1438
555
1694
2970
175
2083
2379
1187
1839
2233
974
2503
967
2293
2648
1102
971
2232
2360
2120
2257
331
2786
1469
1592
2796
756
2246
675
1831
48
1528
1029
2429
2918
136
545
817
2111
2210
1313
1332
535
1845
2392
993
2272
2950
75
839
331
3000
1199
806
200
296
745
639
1929
2859
2861
2053
2759
2645
606
359
1161
2196
1231
402
2967
2770
1457
2011
1588
866
805
1558
1970
737
723
915
969
2035
2018
586
2521
2329
254
2653
1328
2820
537
1203
2377
2818
2124
2147
1942
362
916
2666
989
1653
2415
913
2755
1192
1121
2152
2739
816
1084
711
200
555
80
1033
1509
1785
2119
1850
91
2067
1813
588
2941
1042
1407
937
1622
2050
440
1117
1337
40
1928
2906
2797
2772
952
1969
2125
2271
2215
2329
846
874
53
2179
1647
1847
1466
2680
1855
2058
1688
1994
651
505
1590
2682
774
154
1128
2739
2413
523
443
1771
207
365
2716
1350
1211
2094
1980
1793
473
776
751
158
1035
2615
1754
2658
258
1417
2225
388
1344
1161
771
995
2831
2187
2283
2445
2605
2961
619
1897
1942
2253
2500
208
2097
1611
2016
2456
1232
756
2906
1020
1605
1078
1886
1508
2565
2072
720
2127
1612
998
592
1838
186
14
1684
2448
513
702
1640
1753
1803
1182
2127
2065
2841
2139
1770
2864
1987
2901
319
2992
1552
1566
1197
1834
503
500
182
793
1288
1555
2385
2688
1878
1506
1342
1632
1843
2178
1264
2133
425
420
15
18
253
1213
1209
2056
515
2611
413
1649
2741
2772
750
2297
1287
2278
1959
185
1044
1953
1009
1845
422
230
471
2486
149
2945
36
963
2105
1722
586
244
2816
74
780
2423
369
2181
1556
2730
1655
1168
2101
1764
2015
564
2741
743
2621
265
2700
2734
1931
1363
273
2510
2501
2513
2198
694
2911
1667
2165
2262
14
528
2719
1897
2345
660
1165
379
2315
2405
2516
2698
379
996
910
1205
2473
2778
2301
2477
1719
1407
2481
227
2596
2175
1986
752
436
519
1249
2456
1281
513
1968
146
2414
315
844
2776
2458
2347
579
474
1349
2467
683
688
877
883
819
55
2256
418
93
1794
1968
763
1891
2089
1944
2590
2467
602
223
1752
1960
602
2755
196
703
1772
2676
1906
1239
2722
75
1049
1200
2892
2221
1406
2801
2222
1739
570
2043
593
2478
27
661
306
1717
1827
2909
1866
169
2437
2608
2943
2598
914
124
2683
41
1377
2206
323
1021
16
2372
1256
2333
1970
2513
668
1197
2314
2091
2330
2517
292
2920
436
378
990
2562
107
1022
240
1343
1877
126
1895
2730
2229
2175
97
1782
489
666
1755
2142
2551
514
231
1865
2158
1504
472
437
1090
2212
2112
1041
2328
237
1321
1336
1844
948
2748
1966
1950
1775
1643
891
31
626
2086
287
565
1904
644
239
729
1955
463
960
2266
2201
2215
