1894
785
1867
1441
1311
1152
920
1482
2681
1118
744
1235
1039
791
2304
2841
920
2999
447
1322
847
2223
2402
1074
2350
955
2968
651
974
2552
2900
1491
1857
1173
1979
961
1240
1088
2643
72
2774
2472
1001
1975
1816
2184
2124
2623
2521
1147
283
1842
1828
2729
561
339
2969
353
2935
1697
516
508
1476
30
1053
2317
1430
83
806
2415
1189
1835
2373
1275
357
1429
1242
912
1397
700
1874
1944
2145
2675
2830
2939
2644
1258
2266
2627
194
1583
412
2957
1802
113
407
1144
647
279
2179
2568
2583
86
2951
2561
865
526
1035
2886
203
2092
1463
766
1210
118
1104
838
383
760
1062
2598
176
2558
2366
2744
823
751
1960
1633
1366
1838
960
1872
1594
1422
1463
589
468
459
239
1763
2287
1126
2576
1611
818
697
1981
1957
1170
772
2186
609
1553
1976
2813
2039
961
978
367
2052
1637
1228
259
1397
2973
282
1947
956
1850
247
501
2501
1844
270
267
1893
2486
419
629
1220
1261
1354
2450
1564
982
2417
2735
2853
2094
887
44
2076
2491
1902
2289
2646
862
1072
2592
1425
389
1183
2229
1468
53
2903
2950
817
1137
1902
2020
1570
2988
1835
2205
28
1468
932
2956
603
353
1385
969
1663
63
1568
27
2696
2101
2420
941
2924
1307
242
5
762
2603
763
1909
722
2354
17
1836
516
1454
607
1723
462
52
2917
687
426
2753
2554
1346
1031
1316
708
1372
1496
1540
2434
1405
1929
1132
1185
1150
1880
1132
2777
567
122
1716
2799
164
2893
174
1752
1339
2148
837
2757
2200
2374
193
2922
569
1253
2015
1957
2587
2853
1384
2166
2891
1570
430
1923
822
869
1679
2996
137
447
1132
2724
2869
64
401
1353
1812
1143
2133
337
1268
1262
248
454
2645
2929
1705
2583
1479
1824
2285
1686
2201
212
621
1227
2589
274
1037
1029
1142
354
228
150
2501
1032
2328
463
2274
259
2009
801
442
2163
2333
2417
1973
1628
1035
1115
23
2750
691
48
2436
372
2260
119
2641
1199
2573
2491
588
1518
845
479
2690
1266
1302
2625
770
2501
1802
650
2898
2358
472
74
2787
1781
2214
1946
2688
1669
2296
2151
947
170
2491
545
1188
397
1128
2862
806
2054
1363
1767
1292
2310
685
780
1330
1959
2229
2406
469
102
2360
621
484
1614
2346
14
961
2819
2077
1216
2593
992
459
1179
783
732
763
1233
289
1499
1299
789
2895
733
2185
633
188
2510
2579
2374
1626
155
557
369
2800
448
1006
639
2011
2848
1182
474
1664
1011
405
818
2968
365
33
828
2949
2833
1332
2621
742
2564
2824
2953
2920
2008
1538
2866
1294
762
992
2963
475
525
1806
1833
1224
2045
1005
493
2968
1060
2867
870
381
1227
477
1059
1860
2925
910
2534
1804
1747
1532
2015
2567
2992
571
2335
1337
938
2598
2769
1199
497
2989
2995
1347
2838
1195
412
298
2431
646
1805
1959
479
1898
2345
1034
1408
1745
2819
2480
1457
2208
1626
2972
1465
2473
335
2500
2640
1898
479
263
1453
2254
2861
1095
2093
304
787
2021
791
277
1566
771
342
531
977
1379
1797
787
2855
2692
2897
591
442
1463
761
756
2936
2113
2442
1207
2750
2036
258
2953
2477
1498
66
1384
1572
250
560
142
2566
1260
663
1017
666
1435
1693
2428
845
1562
2755
2033
1908
714
230
911
1348
231
2638
2749
2847
2411
2591
720
1935
1260
118
70
1514
316
2477
1385
1496
1867
2498
199
2757
1033
1043
1736
2606
891
2938
1366
2954
357
2350
2108
1304
2704
1955
2774
1701
1425
2034
1906
1833
924
707
2466
2481
1468
1664
680
401
972
1800
2397
1339
1758
1288
709
2807
1550
1061
329
1348
522
2501
2945
1992
1999
454
1315
1355
727
282
840
2521
1705
1278
494
367
1780
1714
428
1842
1041
403
13
2673
1185
425
2672
1500
218
1400
1292
1149
2867
1079
1121
2122
73
2913
571
1977
1066
935
81
1232
1931
201
2120
430
287
1767
575
2196
31
1253
615
2247
2272
792
1080
198
2533
1078
2441
1508
1092
1280
2982
1001
1452
2388
2514
469
1914
947
749
988
1864
1932
1612
1994
1280
1445
1983
34
2595
66
2916
1741
2472
2004
2428
1690
180
1756
76
316
499
1048
85
275
2913
2743
25
2031
155
1879
2419
797
1484
682
1413
1360
314
1460
2121
1532
2600
960
681
1139
450
993
261
924
2411
2053
2942
357
2837
408
367
2402
1122
1961
2161
43
2789
1022
2476
148
1508
1825
319
75
1966
2434
2
212
1639
733
1220
1950
249
1686
1541
2827
1435
2484
993
2291
2820
1632
180
2143
1389
1358
2952
2308
879
2229
1589
1434
1385
2110
1978
1308
2690
2240
437
359
1757
2831
569
2001
93
1343
1217
1909
835
1604
1924
2061
1001
2832
1763
2430
2372
2279
765
2941
2898
82
2184
2692
1497
641
533
2104
925
2479
2076
2811
1593
2836
1573
353
2073
1588
2514
1162
2223
313
1550
1173
2757
955
557
357
296
1534
1008
1063
2139
1221
2460
2523
2019
1147
111
728
2916
643
2745
558
168
831
2420
1335
309
2285
1126
864
2131
1165
2358
907
1991
2679
2875
1537
1203
290
228
2337
858
442
2244
1325
1252
2374
1978
1034
2746
386
2182
2768
2172
408
1526
2921
2601
1284
2816
2721
1135
2416
2553
1449
2306
1446
2747
2439
5
2117
2306
1478
2790
1213
1268
1977
1726
2030
681
2742
791
1108
2993
1705
2144
2689
2485
2950
829
2379
768
118
2273
937
432
2682
2389
1600
276
797
1485
2563
1707
92
2001
2958
2347
791
105
312
2858
568
1020
1288
1454
1737
2591
894
529
243
1095
1691
1701
2165
1708
2063
2909
1944
69
1968
151
1731
1495
1807
261
1001
2766
2669
2352
654
856
1069
2018
198
1225
1389
219
2431
1492
2218
785
975
2752
2926
956
1311
1149
781
2747
2970
1450
2253
957
2977
1129
377
868
2000
1329
2997
2682
550
748
615
167
853
235
1696
318
1724
102
970
2354
908
1962
2944
1528
1932
134
390
2365
977
716
1531
200
1827
877
2509
1580
1953
1722
1623
2070
2283
728
992
1712
2130
2152
2945
2312
1077
1980
1638
1746
1350
2678
628
493
299
871
2002
2704
2193
30
2926
2922
1913
1923
958
2800
2164
2907
22
1743
644
931
1510
1306
881
2419
2358
904
1331
2488
2264
1237
2958
580
2095
2129
361
2960
1039
993
2238
2297
2792
2534
212
51
2448
404
2455
2482
2959
1804
1346
17
1297
2743
2442
2949
1262
2502
94
1545
520
124
1713
301
1875
1026
660
433
898
1405
2469
1947
552
1232
2252
787
1736
2423
2766
1962
2343
2560
1257
1693
306
1288
1174
1059
1369
1267
1272
2471
1349
1233
1698
2992
697
1479
2620
2657
631
196
2108
164
1394
1435
373
593
1608
232
2818
1895
1961
2682
1700
1883
631
2310
405
1013
2002
2684
625
1948
126
858
268
2365
328
180
2021
708
2807
2487
233
2611
1048
1915
2819
688
2090
573
1337
423
2398
528
2598
387
1105
2250
2099
2636
1783
901
68
1343
37
1792
244
187
1208
2003
962
741
454
657
1872
908
114
1236
803
1763
1908
1307
51
1296
795
1792
1465
2562
664
2537
2613
1981
778
52
1270
1678
1827
1808
2306
581
1937
434
2908
16
2463
536
2874
1924
1996
958
1224
2110
562
954
344
1836
1322
1161
152
2697
1645
1199
1379
2130
750
1760
2794
1934
1529
115
421
1612
1089
2084
2582
85
2505
30
2470
2810
516
1833
2881
2646
2609
420
2569
1353
2560
780
2403
89
1688
1872
2612
703
1933
2208
428
1815
1377
158
91
1731
2514
1139
2567
512
152
2024
1454
543
1605
1260
780
1892
958
760
2432
2157
1393
1159
2510
889
1849
1313
2727
1663
1336
841
1937
538
2898
2021
1885
912
324
972
331
2772
2618
768
2139
880
175
1292
2698
923
1302
665
316
1022
232
455
2806
122
2288
954
2717
25
783
1913
2340
2898
1745
1516
20
2755
1156
2636
1023
2501
1024
2306
613
2459
942
792
2060
1489
257
520
725
93
2365
2233
517
1842
798
1088
680
2558
639
1940
2893
2835
58
1952
2666
2214
1225
2538
1907
2951
2153
942
1733
2021
680
2527
318
1493
747
1739
2192
2654
1058
170
1822
340
1289
483
955
1836
2749
2127
1202
2436
2658
1017
2128
115
2117
2632
2134
410
1299
591
2544
1449
2096
1
2069
2886
2550
937
247
2474
965
1950
2405
1326
2444
332
1203
403
863
1707
1197
225
702
1338
525
1287
1624
849
2326
1680
1632
700
455
1949
1213
243
2504
2819
2402
1987
1748
114
1797
890
968
2496
1747
1471
483
1079
953
2220
1298
2579
653
2755
1479
2761
1516
1710
1175
2960
1481
1234
1460
47
1041
863
344
1434
2006
2569
399
196
2966
2455
2615
859
2288
1881
1923
2123
2272
27
16
307
121
813
1893
633
2679
1338
1640
2143
2547
1075
1138
2800
2595
2196
1335
889
1054
1481
2847
2132
2815
83
1768
321
2430
2669
2149
705
1830
2343
892
1827
2472
1646
1220
39
1891
567
2399
329
2065
1741
1893
1899
469
1337
1993
511
1100
1539
2750
1959
813
630
1352
2149
2320
2028
309
1409
1167
1184
235
2606
2591
2914
2804
2676
2327
250
1875
2206
2041
889
2527
778
1433
2113
392
30
2839
1699
2589
2965
469
1781
701
955
2810
878
673
1768
2631
197
118
492
1738
1589
1442
304
2810
2840
2431
1698
1606
2583
1481
1412
2721
2850
1528
1671
2296
2680
344
573
80
1667
2098
1015
1217
1030
93
1199
2521
2763
2703
2178
300
2571
686
1384
70
902
808
1084
2510
486
1597
2443
1353
1727
1225
480
1416
1750
667
164
984
2831
2348
1857
209
1886
1143
1937
2889
2416
1428
1589
709
1993
981
953
553
2630
2518
1158
2459
2368
1046
1085
1473
2967
2097
2682
2767
2490
2889
2285
276
1603
2851
29
1081
513
294
2207
112
56
2617
21
1599
1157
594
0
648
1792
1676
850
1487
2255
1488
965
2044
222
735
1805
2172
363
1748
541
2280
905
1621
471
922
2607
1082
1908
2475
2299
2082
77
424
2351
863
1947
2755
1240
835
1988
1841
2840
917
734
2494
2682
2850
530
1953
2546
1872
1747
2577
967
977
391
2494
1966
2571
2478
481
2520
1045
1259
1911
1406
737
466
2915
343
2516
619
1866
2856
2169
146
2371
1055
772
664
2061
2321
2293
2085
219
995
2694
2745
2312
2754
2677
448
2363
1996
1860
2496
1762
2211
1335
1888
1174
1900
19
1597
34
198
1176
2947
1582
2739
2125
2466
362
45
804
1728
1451
1180
565
1067
1212
1160
2203
1839
1241
38
2779
902
262
1059
543
1185
737
1450
159
2633
2276
1690
1
1617
1920
1687
640
2751
403
2330
1377
2372
1236
309
1704
2897
1292
1298
648
465
2422
305
2820
620
2848
1052
1163
1365
460
527
961
2724
24
381
2676
2637
2503
1398
1895
750
1917
1898
217
2050
97
2120
467
1425
2398
2178
1988
630
1730
2243
2207
2388
774
2468
2726
1921
1521
2899
2217
1273
2824
424
2140
381
2035
1216
1961
2248
1001
154
1812
2507
607
2125
2388
1053
2515
1306
1269
772
1453
2394
1261
758
1600
1250
1395
1539
2413
2576
2027
115
2634
1143
2508
2219
883
1263
1392
2411
613
586
1404
930
1545
2264
2442
552
1261
1840
1618
1505
2670
2509
2030
1160
303
742
1283
2285
2796
926
864
965
2922
538
2261
37
937
2057
367
2780
2923
64
2105
2979
661
1887
2290
664
441
255
1825
915
395
802
1588
2217
674
2667
15
174
1541
2731
73
1884
278
981
2221
2499
2836
1452
1602
2873
338
2382
1846
2054
2685
1530
385
1321
2732
1332
603
1857
2665
1971
2861
2790
1112
1315
1573
1115
1020
1861
4
281
1116
2459
1462
95
355
849
2252
1978
1156
1133
1422
2899
2286
2938
1237
762
890
2950
1433
2433
83
4
1849
992
2026
60
818
209
136
1012
2928
1141
138
1588
101
2470
2724
545
2933
759
2828
1954
2407
389
1540
2183
2160
658
21
1631
2185
1094
2724
2646
183
1280
126
1134
2937
1049
2097
1097
491
2009
2851
2265
1484
2866
2731
2888
1560
2104
22
1337
1279
1132
2758
1969
1848
2887
1595
891
655
2000
2402
910
795
2043
543
2162
1764
266
2153
1551
1003
668
2763
2311
1846
1976
826
2183
1752
1527
2171
1445
457
922
1503
1919
1759
1983
1252
2836
574
520
1389
2604
2737
273
2283
2784
1219
2895
807
2150
686
254
274
1896
2718
2247
1285
1350
451
65
2851
852
2968
2186
1645
898
1077
206
1878
2034
2135
1597
195
593
1981
2641
786
2509
2049
672
1546
1292
1462
357
2386
1553
1363
597
413
654
2104
65
1806
2444
27
1246
2368
1451
1495
1104
1653
347
2635
1930
55
1432
2190
198
2968
1618
732
986
2363
1665
2413
233
951
2668
1623
662
2285
2309
2864
42
2836
221
2808
509
952
2068
2521
302
78
2916
2501
396
1599
1763
957
935
2340
721
2212
2034
2848
1400
571
215
2422
871
14
2633
2208
628
1000
1877
572
1957
2529
2754
2781
664
280
486
178
2503
139
1305
2137
2597
1770
1921
2648
1703
2798
1154
1794
334
255
838
1806
942
750
2873
1953
2252
2617
2199
1289
1548
888
1521
1594
2545
2716
151
2131
1511
365
2633
1546
1955
1572
1981
632
1578
405
1689
2419
969
724
1797
1028
273
487
2685
2680
2115
14
2883
2674
213
2751
2787
958
2039
415
2141
1567
1237
2411
346
671
2959
1363
1637
249
521
2634
810
2723
1501
549
2563
585
279
117
2866
2744
2601
155
3
1622
1145
405
2422
2069
2316
1039
2259
2317
904
2156
1108
1662
2044
2885
2921
612
2015
1753
1238
1184
1018
1960
2661
254
2991
2417
2963
2808
2372
354
749
1601
951
875
2289
1047
1456
602
2265
1347
1518
518
1112
16
197
1959
1095
1404
193
193
92
2166
2385
2931
2977
365
1616
2409
2748
1823
419
2136
2628
2392
494
1312
2896
1926
1978
551
2023
2784
2892
2586
395
1415
660
474
1623
1241
734
1854
1456
1137
395
650
853
2788
473
1142
2578
1655
2379
1949
1215
77
1531
126
417
101
579
852
609
1598
2572
1278
2837
26
1722
1100
2215
1541
384
656
1500
2898
510
2494
791
1203
1909
2774
2324
892
2188
290
968
2665
923
2763
2232
2349
2004
2442
714
1253
1634
1181
2820
1212
1706
1498
334
138
2121
2431
1103
2963
684
2897
166
2690
722
2009
262
1238
426
2645
2873
1387
2424
2904
691
1476
2975
331
67
1987
1728
181
137
2332
1856
1818
881
2949
1990
1288
2135
90
821
2023
180
528
354
614
1354
2996
217
804
370
436
1962
1943
2196
1457
851
527
2451
193
1775
552
2606
1523
1914
1629
2029
2344
2554
1353
2090
502
243
858
185
397
2922
818
1693
1654
2939
1880
2613
1721
1494
1625
1789
1653
2914
1770
711
1501
1660
2962
678
2601
1650
2362
1440
2561
915
1340
2105
2713
2629
1448
1936
2251
1259
1996
2172
1416
862
2636
1872
767
1782
604
456
2748
1086
2503
1473
2338
463
2849
486
572
776
2137
551
2454
2743
1666
2394
386
23
2754
1023
2706
1047
2843
2543
1079
1455
1361
1225
661
1459
76
2382
2458
2275
251
973
714
1998
425
2045
2143
716
921
1983
2524
1149
2180
2361
2871
526
1546
1337
844
2971
1498
2803
772
718
2833
1553
992
16
144
50
153
913
2445
1237
145
1865
1070
2212
971
2448
2722
709
1976
172
1167
97
255
1430
1509
2485
2232
1766
2400
1524
2947
1041
2222
1666
2192
2530
296
2001
1224
1283
24
78
2929
1344
1938
2832
2013
2446
2121
1231
588
1904
1475
815
572
1306
288
659
2645
1457
1090
2395
1024
1833
587
1232
663
2806
1457
2744
2323
261
404
1178
698
214
2831
1574
1770
1728
1796
1819
311
2144
286
1466
2452
2303
435
2375
60
2830
1431
1111
2110
1873
280
2063
2460
2135
2281
867
1642
170
1813
125
1167
1639
2597
1819
518
2698
1212
47
999
2980
240
1927
2921
1455
354
2355
1857
843
983
503
2456
427
672
494
2437
1273
78
2439
2726
2810
601
362
1125
2626
801
1413
958
485
1421
2910
868
1666
1088
1357
248
471
1126
1169
2907
866
1964
73
503
1871
330
1643
2644
841
2949
2294
1658
2322
346
1640
2332
2029
323
332
2133
5
1169
2901
772
1071
2085
682
1784
441
2345
1156
366
1466
1453
2151
2912
9
2050
2553
52
1981
2184
20
2650
2153
1763
2804
265
1731
1871
1283
1480
2900
481
1370
958
471
1420
170
382
2441
2949
51
1530
1799
1254
2530
1902
1817
2947
1683
959
552
1245
2632
2695
1866
2902
1883
2809
2969
1174
1366
1027
490
2147
345
2718
2368
1393
1110
2163
904
830
1633
1444
685
1372
